
strategic_region={
	id=37
	name="STRATEGICREGION_37"
	provinces={
		821 836 861 863 867 881 885 889 894 898 903 906 923 925 926 928 932 933 934 937 948 951 953 954 957 963 966 967 979 984 985 991 992 994 998 999 1000 1003 1005 1008 1009 1015 1017 1021 1030 1031 1032 1035 1036 1037 1041 1046 1048 1053 1057 1060 1062 1064 1065 1068 1071 1072 1080 1087 1096 1101 1106 1116 1119 1124 1129 1131 1136 1137 1138 1142 1153 1161 1162 1164 1165 1171 1184 1185 1203 1204 1205 1234 1242 1278 2126 
	}
	weather={
	}
}
