
strategic_region={
	id=44
	name="STRATEGICREGION_44"
	provinces={
		1599 1618 1620 1637 1639 1644 1653 1661 1664 1665 1677 1678 1684 1687 1703 1712 1731 1737 1741 1744 1749 1756 1764 1765 1766 1770 1772 1774 1775 1780 1782 1783 1785 1787 1788 1792 1795 1800 1801 1802 1803 1804 1805 1806 1807 1813 1814 1815 1816 1817 1818 1821 1822 1823 1829 1830 1832 1833 1835 1836 1837 1844 1845 1848 1849 1850 1851 1852 1859 1861 1862 1863 1864 1865 1866 1867 1868 1870 1875 1876 1878 1879 1881 1882 1883 1884 1888 1894 1895 1897 1906 1910 1912 1913 1914 1920 1926 1927 1928 1929 1930 1938 1939 1940 1941 1944 1947 1948 1950 1952 1962 1964 1968 1969 1970 1973 1974 1976 1984 1988 1990
	}
	weather={
	}
}
