
strategic_region={
	id=48
	name="STRATEGICREGION_48"
	provinces={
		488 509 526 540 546 548 561 564 571 581 602 604 611 612 627 632 642 650 655 672 676 686 687 693 698 713 718 729 739 744 751 752 762 772 778 790 792 806 811 817 829 830 838 840 843 846 860 862 866 870 878 887 888 891 897 905 912 917 918 924 929 943 944 945 946 949 950 962 978 981 987 990 996 997 1002 1004 1016 1020 1026 1027 1034 1051 1055 1056 1067 1075 1085 1091 1092 1098 1105 1108 1117 1118 1126 1134 1135 1141 1143 1158 1169 1174 1175 1181 1213 1233 
	}
	weather={
	}
}
